{
  "height": 37,
  "width": 140,
  "x": 561.6666870117188,
  "y": 1368.3333435058594
}